0 0 0 0 0 0 0 0 8.89947e-09 2.57996e-08 2.04592e-07 2.62422e-06 1.90637e-07 2.89444e-06 1.45251e-07 9.12917e-08 8.65225e-07 2.80094e-07 2.21447e-08 3.5229e-06 3.78493e-07 5.60997e-06 2.67823e-08 2.11563e-06 6.09569e-07 7.60717e-07 1.01866e-07 1.05405e-06 1.90185e-06 4.42859e-06 1.62407e-06 3.56616e-07 2.45463e-06 7.72732e-06 3.38212e-06 7.01102e-09 3.16146e-06 3.02455e-06 1.47984e-06 1.14691e-06 1.27996e-07 1.22637e-06 4.20175e-06 1.75872e-08 1.43017e-09 5.40827e-06 3.23203e-07 5.62556e-09 5.65193e-08 4.03223e-06 8.14606e-07 2.37395e-06 6.58379e-06 1.25411e-06 7.36563e-09 2.49835e-06 1.20901e-10 4.40956e-06 6.63321e-07 5.78843e-08 1.69067e-06 1.05964e-06 4.9386e-06 4.15042e-07 
5.44452e-07 0.00021961 2.00141e-07 2.39898e-07 1.38201e-06 1.70076e-07 3.77966e-07 1.39938e-06 6.71308e-09 1.43813e-06 2.89629e-08 4.584e-07 1.00424e-08 1.26515e-06 2.16343e-06 1.72443e-08 9.81675e-09 2.43557e-07 6.56669e-07 3.51173e-06 3.02924e-06 6.86866e-07 4.13659e-06 3.04111e-07 5.29786e-06 2.18122e-08 3.04457e-06 7.96636e-07 6.38853e-08 1.76958e-07 2.244e-08 1.12587e-06 3.60795e-06 1.51132e-06 1.66278e-06 2.00056e-07 6.15776e-06 6.88668e-07 9.35882e-07 6.09367e-07 7.37995e-07 9.84074e-07 1.04201e-06 2.49438e-07 3.05577e-07 5.69996e-06 1.34391e-06 4.90349e-07 1.06552e-06 1.1265e-07 1.20335e-07 8.39857e-07 4.42779e-06 8.79174e-07 3.09559e-06 8.83098e-08 1.28975e-06 2.12495e-06 1.15038e-06 2.14727e-06 5.49731e-06 2.18628e-06 3.76755e-07 1.33777e-08 
1.43012e-06 2.00141e-07 0.0001355 2.26812e-06 1.7753e-06 7.07929e-08 3.58524e-08 6.07018e-07 1.09424e-07 1.192e-06 2.94207e-07 6.09578e-07 8.27376e-07 2.02114e-06 1.02457e-06 4.96725e-07 1.26874e-06 1.60065e-06 4.30677e-06 3.93008e-07 1.57367e-07 6.17339e-07 8.08893e-07 3.2771e-06 7.66857e-09 1.11403e-06 1.64997e-07 1.94359e-07 1.07612e-06 4.63778e-07 7.56823e-08 1.13746e-06 4.53106e-07 9.79494e-07 5.30807e-08 1.08364e-06 2.00544e-07 2.24768e-07 1.06554e-06 3.58196e-06 4.44939e-06 1.43956e-07 9.60119e-07 2.82625e-07 1.92264e-08 2.77437e-07 1.07214e-07 9.13079e-08 1.51394e-07 9.71385e-07 4.95525e-09 2.65531e-07 4.98963e-07 2.49245e-07 2.2749e-08 4.17319e-07 5.0113e-06 4.29792e-08 1.00566e-07 2.47412e-06 1.33148e-06 4.89357e-09 7.32554e-06 3.92936e-09 
1.57592e-08 2.39898e-07 2.26812e-06 0.0001166 3.17148e-06 4.37176e-11 1.93516e-08 2.84663e-06 1.7944e-07 9.18275e-07 5.38574e-06 1.14709e-06 8.08421e-07 1.17275e-06 1.15046e-07 7.92309e-08 1.8158e-06 1.93459e-07 7.37303e-09 1.70011e-07 1.16811e-07 1.27162e-06 3.9699e-07 1.01724e-07 2.0528e-07 4.13335e-07 6.95044e-07 1.3431e-07 2.99588e-10 9.39354e-07 1.95172e-08 7.78609e-08 1.78807e-06 1.05938e-07 4.2897e-06 1.0802e-07 9.69654e-08 3.11131e-06 5.68813e-08 1.16226e-07 4.19111e-07 1.39226e-06 6.91369e-08 3.39854e-07 1.20607e-07 5.64032e-07 2.68378e-06 2.14801e-07 5.82563e-07 2.18258e-06 8.89912e-09 1.13314e-07 1.85613e-06 6.63181e-07 1.17586e-07 7.35868e-09 5.67397e-07 8.4736e-08 5.1286e-07 7.43528e-09 8.45181e-07 1.77862e-06 6.6438e-07 3.67368e-10 
2.41104e-07 1.38201e-06 1.7753e-06 3.17148e-06 0.000130902 2.99777e-07 7.16686e-08 3.11601e-08 5.02411e-07 4.32185e-07 1.27438e-07 1.6141e-06 2.59024e-06 4.53876e-07 1.72416e-06 1.10944e-07 3.47119e-06 9.79791e-09 8.30672e-07 1.59294e-08 1.54222e-07 8.85195e-08 1.75729e-06 6.38792e-07 4.37739e-08 1.42091e-06 2.22422e-08 1.26557e-06 1.49167e-07 1.85406e-07 1.9392e-08 3.08451e-09 5.59025e-07 1.9909e-06 2.54499e-07 2.76658e-06 3.4376e-06 2.15951e-06 2.52094e-07 1.40774e-07 1.98334e-06 1.50526e-06 3.88842e-08 4.4638e-07 9.79994e-07 4.71468e-08 1.53247e-09 1.82706e-07 2.59789e-07 3.97502e-07 1.02594e-07 9.79036e-07 2.5282e-06 1.84739e-06 4.66056e-09 8.30953e-07 5.15601e-06 1.02977e-06 1.1369e-08 2.63518e-07 2.38469e-06 9.6357e-07 5.34745e-07 8.7107e-08 
2.03019e-06 1.70076e-07 7.07929e-08 4.37176e-11 2.99777e-07 0.000319363 4.12534e-08 3.48192e-08 1.94727e-06 2.00948e-08 8.77601e-07 5.66216e-06 1.20551e-07 4.48208e-08 3.50177e-06 5.53329e-06 1.52104e-06 2.2074e-08 7.06046e-07 7.83659e-07 3.35938e-08 2.13341e-06 3.52856e-06 3.40368e-06 6.92204e-07 1.0207e-06 2.31515e-08 3.78863e-08 1.80468e-07 3.38436e-06 4.53002e-07 1.00387e-07 4.24078e-07 1.22248e-07 2.71359e-06 9.94331e-07 5.6777e-07 6.63915e-06 3.2116e-06 3.09369e-07 9.14183e-07 1.92491e-07 5.58568e-10 3.75735e-07 4.95796e-06 4.373e-07 1.38724e-06 9.58894e-07 1.37173e-06 2.04109e-06 2.29448e-06 1.96283e-06 3.19362e-07 2.92311e-07 4.3707e-09 6.27609e-08 1.64502e-07 1.14198e-06 6.2007e-09 3.52389e-10 1.27448e-08 2.33976e-07 7.92946e-07 3.77806e-08 
2.57946e-07 3.77966e-07 3.58524e-08 1.93516e-08 7.16686e-08 4.12534e-08 0.000159315 2.00991e-07 2.43611e-07 3.00286e-06 6.98061e-06 1.60121e-06 4.79663e-07 9.94229e-06 8.06861e-07 5.79082e-07 2.32117e-07 3.42815e-07 1.45872e-06 2.52091e-07 6.18897e-07 5.20609e-09 1.39145e-07 1.04784e-07 1.60112e-08 1.15349e-07 1.74832e-06 1.02462e-06 1.90168e-12 6.85935e-07 3.12126e-07 1.01068e-06 8.18092e-07 1.35397e-06 4.61857e-07 1.76271e-08 1.65244e-06 4.05269e-07 7.91764e-07 8.11718e-07 1.03086e-06 2.57925e-06 2.85059e-06 2.19151e-07 2.08944e-07 8.03147e-08 2.40586e-06 7.64705e-08 8.87815e-08 2.04303e-06 3.09884e-07 1.31816e-06 1.45901e-08 1.08672e-07 1.35928e-07 7.39912e-08 2.44406e-07 4.69456e-07 6.49384e-08 1.1434e-05 9.15469e-06 1.8739e-06 2.0609e-06 4.39251e-08 
3.62308e-06 1.39938e-06 6.07018e-07 2.84663e-06 3.11601e-08 3.48192e-08 2.00991e-07 0.000241438 3.11022e-06 6.16539e-08 5.07532e-07 1.21686e-11 3.55462e-06 5.98881e-06 6.16152e-07 2.51132e-09 5.22734e-07 1.73708e-07 3.35603e-06 9.83839e-07 2.37527e-06 1.00533e-06 2.56607e-07 1.5919e-06 4.58112e-07 9.48377e-07 4.17154e-06 4.95659e-08 7.07054e-07 7.53995e-06 9.24038e-08 6.80867e-07 1.21646e-06 2.04404e-06 1.86141e-07 4.06919e-06 4.45161e-07 7.38439e-09 3.43686e-06 5.30497e-08 1.66728e-06 8.54341e-07 8.70227e-07 1.0748e-06 6.24527e-06 1.56386e-07 1.99448e-07 1.21989e-06 2.16409e-09 2.52459e-07 7.71575e-08 1.86137e-06 3.45685e-06 2.63962e-06 6.86813e-07 3.96136e-07 4.16587e-08 2.61655e-06 4.54578e-06 4.38025e-06 1.0817e-06 3.48137e-08 1.09493e-07 3.96486e-07 
8.89947e-09 6.71308e-09 1.09424e-07 1.7944e-07 5.02411e-07 1.94727e-06 2.43611e-07 3.11022e-06 0.000181909 1.82359e-07 2.92513e-07 1.49922e-06 2.98916e-09 7.97779e-11 5.61193e-06 1.17509e-07 2.94366e-06 1.46475e-06 3.47068e-06 5.84434e-07 7.61319e-07 7.09447e-08 1.41714e-06 2.29177e-08 1.59308e-07 6.68525e-06 1.27331e-07 1.09428e-06 3.32596e-07 7.86322e-07 9.27865e-07 2.47894e-07 1.85809e-06 2.29118e-07 5.35214e-08 9.42205e-07 8.05366e-07 6.97208e-07 7.53622e-07 4.70292e-08 2.44414e-08 4.29191e-07 1.14987e-06 1.83447e-06 2.5668e-07 2.04998e-08 1.38308e-07 3.80796e-08 3.19268e-06 8.93414e-07 1.20447e-06 4.88837e-07 3.33608e-06 6.18048e-07 5.4731e-07 1.80692e-08 1.80378e-08 3.35589e-07 5.24549e-07 2.39694e-06 2.77199e-06 6.53031e-07 1.41537e-07 9.01822e-09 
2.57996e-08 1.43813e-06 1.192e-06 9.18275e-07 4.32185e-07 2.00948e-08 3.00286e-06 6.16539e-08 1.82359e-07 0.00032922 1.18345e-10 1.12177e-08 6.41166e-07 2.46948e-06 2.61114e-06 1.20647e-06 1.54754e-07 4.14078e-06 6.1988e-08 1.40434e-06 3.57383e-07 2.31e-07 5.09748e-07 6.36247e-08 1.34805e-06 5.16769e-07 3.13274e-06 1.3269e-07 3.37601e-06 2.39757e-07 1.84124e-08 1.42581e-05 5.95361e-09 5.37997e-07 2.00079e-06 1.25943e-06 1.53672e-06 1.21676e-06 1.54132e-07 2.99573e-06 1.31776e-06 1.52292e-07 1.69385e-05 1.3961e-06 2.63331e-08 9.17459e-08 7.99353e-07 6.45618e-07 1.81824e-06 3.23554e-07 3.60482e-08 5.56634e-07 3.51658e-06 2.13714e-08 3.09061e-07 3.20446e-07 1.53202e-06 1.25618e-06 3.02152e-07 7.45753e-08 8.95069e-07 8.06602e-06 4.36181e-07 4.77364e-06 
2.04592e-07 2.89629e-08 2.94207e-07 5.38574e-06 1.27438e-07 8.77601e-07 6.98061e-06 5.07532e-07 2.92513e-07 1.18345e-10 0.000185127 7.37897e-07 8.26004e-07 7.21232e-07 2.61127e-06 3.24766e-10 7.06104e-07 3.86525e-08 3.33983e-07 2.51545e-06 3.71867e-07 7.14067e-07 7.39743e-07 2.61593e-08 1.20941e-08 2.74415e-07 2.12636e-06 4.96206e-07 1.46803e-08 9.30592e-08 8.65832e-07 6.15727e-08 3.90767e-07 2.01159e-07 2.20854e-06 1.14261e-06 3.4318e-07 4.63927e-08 5.59884e-07 9.50042e-07 3.49341e-06 4.21161e-08 3.44007e-08 2.75879e-06 2.01672e-06 5.38081e-06 8.88772e-08 4.75183e-06 1.00992e-06 8.9019e-07 2.0068e-07 4.81543e-07 1.17799e-07 2.4805e-06 1.58466e-07 2.58175e-06 6.28539e-08 4.6023e-08 7.56432e-08 6.96798e-06 1.09617e-06 5.40255e-06 1.11159e-06 3.48925e-08 
2.62422e-06 4.584e-07 6.09578e-07 1.14709e-06 1.6141e-06 5.66216e-06 1.60121e-06 1.21686e-11 1.49922e-06 1.12177e-08 7.37897e-07 0.000150235 1.58233e-07 2.18648e-06 9.5706e-07 5.31519e-07 1.92397e-07 4.94912e-10 2.89608e-07 1.43538e-07 2.87521e-06 9.92194e-07 9.7118e-07 4.19624e-08 6.55509e-07 2.20894e-07 5.45041e-07 9.14411e-07 7.64528e-07 1.39305e-06 6.00319e-07 8.70775e-07 1.0396e-07 1.01932e-07 1.21208e-06 1.41212e-10 4.97239e-10 1.26373e-07 1.34943e-07 8.87374e-07 1.55297e-07 9.1388e-06 2.74243e-06 2.33038e-07 8.34747e-08 3.41155e-07 3.0288e-06 2.50173e-06 9.63579e-08 8.65767e-09 6.66961e-08 9.32987e-07 2.4977e-07 5.82478e-08 1.94939e-06 2.02183e-07 2.69697e-07 2.00794e-08 1.13982e-07 3.42778e-06 8.13407e-06 9.34005e-07 2.20606e-07 1.0237e-06 
1.90637e-07 1.00424e-08 8.27376e-07 8.08421e-07 2.59024e-06 1.20551e-07 4.79663e-07 3.55462e-06 2.98916e-09 6.41166e-07 8.26004e-07 1.58233e-07 0.000263931 1.99736e-08 1.13674e-06 3.68903e-06 4.74605e-06 3.59955e-07 9.84543e-07 4.03598e-06 9.90137e-08 7.12546e-07 3.73344e-06 2.46745e-06 4.50889e-08 2.12786e-09 7.4572e-06 7.6718e-07 4.46322e-08 1.33811e-06 4.14711e-07 7.57678e-07 2.73985e-08 9.04164e-07 4.84227e-08 4.4276e-08 3.39282e-06 1.81234e-08 1.6186e-06 3.24826e-06 2.08802e-07 5.76679e-06 1.14952e-06 1.62153e-07 1.34119e-07 8.14238e-06 4.98924e-07 3.09154e-07 2.26635e-08 3.68516e-06 6.6928e-07 5.61303e-07 1.94262e-07 1.26471e-06 1.05417e-06 3.08474e-14 2.52283e-08 3.65252e-07 6.21888e-06 3.55445e-09 6.80996e-07 6.10719e-06 9.62683e-07 7.04096e-06 
2.89444e-06 1.26515e-06 2.02114e-06 1.17275e-06 4.53876e-07 4.48208e-08 9.94229e-06 5.98881e-06 7.97779e-11 2.46948e-06 7.21232e-07 2.18648e-06 1.99736e-08 0.000200246 1.07777e-06 9.85207e-07 1.70565e-06 5.40068e-07 1.06104e-07 2.21222e-08 6.17797e-07 1.4302e-07 1.7018e-07 2.89389e-06 8.41831e-07 3.65464e-07 4.38539e-07 3.88967e-08 8.71372e-08 4.78061e-08 4.07751e-07 5.8088e-10 6.97325e-08 8.62953e-08 1.08422e-07 8.86618e-07 5.71818e-07 6.07296e-07 1.38148e-07 2.34598e-06 5.72274e-08 9.32271e-07 4.06564e-08 5.21854e-08 1.22224e-06 4.82893e-08 1.23828e-06 8.96769e-07 5.82737e-07 1.7738e-06 1.62551e-06 7.99246e-07 4.46868e-07 1.86775e-06 8.95538e-07 1.8712e-07 7.29459e-07 3.97737e-06 3.25731e-07 2.35513e-06 2.83708e-06 2.21067e-08 1.42501e-06 7.44972e-13 
1.45251e-07 2.16343e-06 1.02457e-06 1.15046e-07 1.72416e-06 3.50177e-06 8.06861e-07 6.16152e-07 5.61193e-06 2.61114e-06 2.61127e-06 9.5706e-07 1.13674e-06 1.07777e-06 0.000223704 9.24854e-08 1.3896e-06 3.36202e-08 3.02801e-08 9.38645e-06 1.70204e-07 8.15914e-08 1.00905e-07 1.05413e-05 3.20853e-06 1.13806e-06 4.99882e-07 1.68127e-06 3.0652e-06 5.36772e-06 1.39799e-06 3.899e-07 7.21613e-08 2.59849e-06 4.42431e-08 1.69961e-07 3.795e-08 1.86791e-07 8.82193e-07 2.53827e-06 1.6055e-07 3.64821e-08 6.08627e-06 5.67649e-06 8.71659e-08 3.12223e-06 2.33081e-07 7.23754e-08 2.34263e-06 1.51345e-06 2.53292e-06 7.01912e-07 1.44289e-07 1.08593e-06 9.17998e-08 1.68292e-06 1.9904e-06 1.87419e-06 2.04656e-07 7.73038e-07 2.46921e-06 1.50553e-06 1.24229e-06 4.2533e-06 
9.12917e-08 1.72443e-08 4.96725e-07 7.92309e-08 1.10944e-07 5.53329e-06 5.79082e-07 2.51132e-09 1.17509e-07 1.20647e-06 3.24766e-10 5.31519e-07 3.68903e-06 9.85207e-07 9.24854e-08 0.000158223 3.12284e-07 4.69454e-06 1.34006e-07 9.41544e-08 4.55401e-06 2.8009e-06 6.27627e-07 1.27679e-06 3.06947e-06 9.91713e-06 5.53633e-07 1.07629e-07 6.34424e-08 6.07265e-06 2.56019e-07 1.7066e-08 7.30769e-09 2.82408e-07 1.35588e-07 4.95811e-08 2.47241e-06 6.75545e-08 3.94658e-06 9.00404e-07 2.29391e-06 1.73015e-06 2.3712e-06 1.86556e-06 4.65358e-06 1.78749e-06 6.46176e-07 3.69772e-06 1.87317e-06 8.93118e-07 9.72898e-07 1.5665e-06 7.16179e-07 2.83945e-06 1.92713e-07 9.03382e-07 3.11944e-06 1.16198e-07 1.19283e-08 2.02861e-07 1.3488e-08 8.73837e-07 8.35605e-06 9.44197e-09 
8.65225e-07 9.81675e-09 1.26874e-06 1.8158e-06 3.47119e-06 1.52104e-06 2.32117e-07 5.22734e-07 2.94366e-06 1.54754e-07 7.06104e-07 1.92397e-07 4.74605e-06 1.70565e-06 1.3896e-06 3.12284e-07 0.000117881 7.5753e-08 2.26182e-08 1.27805e-06 1.11617e-08 1.21505e-08 7.53944e-07 5.04704e-07 3.42223e-07 4.72026e-07 4.69934e-09 8.6358e-08 9.68862e-07 4.47017e-07 1.11141e-06 3.14377e-08 1.25846e-06 1.614e-06 2.72899e-07 3.31875e-07 1.44388e-07 6.14734e-08 7.55239e-07 4.01627e-08 5.52691e-07 9.05647e-08 4.64268e-06 8.93018e-07 2.92832e-06 4.45649e-07 2.78688e-06 1.1142e-06 6.39632e-08 7.08302e-07 1.00606e-07 2.67237e-07 3.09064e-06 4.45395e-07 1.21077e-07 1.06089e-07 2.07381e-06 8.72741e-07 3.642e-06 5.2749e-08 1.03986e-07 8.56899e-06 5.45949e-07 6.75744e-10 
2.80094e-07 2.43557e-07 1.60065e-06 1.93459e-07 9.79791e-09 2.2074e-08 3.42815e-07 1.73708e-07 1.46475e-06 4.14078e-06 3.86525e-08 4.94912e-10 3.59955e-07 5.40068e-07 3.36202e-08 4.69454e-06 7.5753e-08 0.000182661 3.77095e-06 2.66567e-06 3.93763e-07 3.91905e-06 2.9303e-07 4.53403e-08 1.0295e-06 1.21911e-06 3.18419e-07 1.09717e-06 4.01527e-07 1.10917e-06 7.93519e-08 4.19878e-06 3.95154e-06 2.1715e-06 4.96639e-07 1.99096e-06 1.14016e-06 1.63043e-06 1.0973e-07 1.67006e-08 1.21006e-08 1.99897e-08 1.1267e-06 3.16458e-07 2.12623e-07 1.48377e-06 1.06836e-06 1.63478e-06 3.47247e-08 1.10867e-06 1.22748e-09 4.18644e-07 1.99288e-06 2.88853e-08 2.65087e-07 1.50741e-06 1.79509e-08 4.57456e-08 9.10476e-07 1.46387e-06 8.54108e-07 2.56901e-06 8.35819e-07 2.63553e-06 
2.21447e-08 6.56669e-07 4.30677e-06 7.37303e-09 8.30672e-07 7.06046e-07 1.45872e-06 3.35603e-06 3.47068e-06 6.1988e-08 3.33983e-07 2.89608e-07 9.84543e-07 1.06104e-07 3.02801e-08 1.34006e-07 2.26182e-08 3.77095e-06 0.000142982 2.03069e-06 2.22352e-07 6.19688e-08 1.50355e-06 1.84298e-06 5.00475e-07 2.83269e-06 4.68344e-08 1.2918e-06 5.01486e-07 6.22323e-09 1.65229e-07 3.70207e-07 3.11268e-09 1.2978e-07 3.68441e-07 6.18508e-07 2.40748e-07 5.7486e-07 6.3006e-09 7.15032e-06 2.08357e-07 1.73308e-09 2.88944e-06 2.31922e-06 2.16695e-08 3.1635e-06 1.4683e-07 8.86835e-07 1.4662e-07 1.1659e-06 3.87687e-06 1.25014e-06 4.82604e-08 1.48007e-06 6.64735e-08 2.80381e-06 2.00841e-08 1.50987e-08 1.78084e-07 1.08127e-06 8.41448e-08 1.24283e-06 2.25216e-07 4.35542e-08 
3.5229e-06 3.51173e-06 3.93008e-07 1.70011e-07 1.59294e-08 7.83659e-07 2.52091e-07 9.83839e-07 5.84434e-07 1.40434e-06 2.51545e-06 1.43538e-07 4.03598e-06 2.21222e-08 9.38645e-06 9.41544e-08 1.27805e-06 2.66567e-06 2.03069e-06 0.000144899 1.17148e-06 3.19059e-07 1.83756e-06 1.52328e-06 2.32782e-07 3.24289e-08 3.08649e-08 2.04676e-08 8.85441e-07 3.32349e-06 1.2797e-06 4.42927e-07 3.5762e-06 1.57445e-06 4.1667e-06 1.39974e-06 3.37218e-09 1.17694e-06 1.73695e-06 6.04414e-11 7.22507e-07 6.83883e-07 6.71135e-07 2.15844e-08 6.67042e-07 2.28327e-07 6.61291e-07 3.15734e-06 1.41089e-08 3.7258e-08 1.27669e-09 1.58831e-07 8.75111e-07 2.92109e-07 7.74584e-07 1.54877e-07 1.2791e-07 1.22974e-06 7.35178e-06 4.05601e-08 1.84922e-06 1.5475e-08 3.06001e-07 4.5538e-07 
3.78493e-07 3.02924e-06 1.57367e-07 1.16811e-07 1.54222e-07 3.35938e-08 6.18897e-07 2.37527e-06 7.61319e-07 3.57383e-07 3.71867e-07 2.87521e-06 9.90137e-08 6.17797e-07 1.70204e-07 4.55401e-06 1.11617e-08 3.93763e-07 2.22352e-07 1.17148e-06 0.00012945 9.1973e-08 6.05662e-07 7.70651e-07 9.02528e-08 1.95089e-06 9.24367e-07 7.07158e-07 3.00504e-08 7.37505e-08 9.81681e-07 7.26932e-07 1.51059e-06 1.14834e-06 1.12223e-06 2.65696e-06 3.24676e-07 6.45472e-08 1.64796e-06 1.62356e-06 6.36909e-08 2.60107e-06 1.65121e-07 7.07905e-07 8.34524e-08 1.13909e-07 1.74896e-06 6.23189e-09 2.36962e-06 5.01215e-07 9.67252e-07 4.44916e-09 2.55844e-09 5.00091e-08 6.72584e-07 5.9396e-07 5.228e-07 1.07178e-07 1.95999e-06 1.5275e-09 5.96001e-06 3.54973e-06 7.27397e-08 6.58523e-07 
5.60997e-06 6.86866e-07 6.17339e-07 1.27162e-06 8.85195e-08 2.13341e-06 5.20609e-09 1.00533e-06 7.09447e-08 2.31e-07 7.14067e-07 9.92194e-07 7.12546e-07 1.4302e-07 8.15914e-08 2.8009e-06 1.21505e-08 3.91905e-06 6.19688e-08 3.19059e-07 9.1973e-08 0.000164482 4.4119e-06 6.20698e-08 9.39054e-06 6.60221e-09 3.76377e-07 1.70885e-06 1.32262e-07 4.92544e-07 8.81619e-07 3.62885e-06 9.91782e-07 1.24078e-06 1.8957e-08 4.27924e-07 2.99608e-06 2.84913e-06 3.96655e-07 2.86174e-08 9.89084e-07 1.91632e-07 7.75924e-08 1.83416e-06 2.26558e-07 6.92113e-07 3.76417e-06 3.09221e-07 9.89901e-07 5.53959e-07 2.66584e-06 2.40247e-07 2.73953e-06 7.30301e-07 2.10804e-06 1.86151e-07 7.1094e-07 3.06711e-06 1.23589e-07 3.10662e-06 7.62798e-07 3.00041e-08 1.06481e-07 3.07177e-06 
2.67823e-08 4.13659e-06 8.08893e-07 3.9699e-07 1.75729e-06 3.52856e-06 1.39145e-07 2.56607e-07 1.41714e-06 5.09748e-07 7.39743e-07 9.7118e-07 3.73344e-06 1.7018e-07 1.00905e-07 6.27627e-07 7.53944e-07 2.9303e-07 1.50355e-06 1.83756e-06 6.05662e-07 4.4119e-06 9.78542e-05 8.7157e-07 1.53311e-06 2.97352e-07 4.00086e-08 1.25911e-06 1.32998e-07 4.28787e-07 7.74689e-07 3.37764e-07 1.01114e-07 6.40091e-09 1.19127e-06 3.23844e-07 1.72836e-06 1.23255e-06 1.69685e-06 9.58228e-08 4.60481e-06 5.43687e-07 1.58858e-08 5.54172e-08 2.91789e-07 9.60131e-07 9.30063e-07 5.78952e-07 1.67174e-06 9.85163e-09 2.41407e-07 2.03942e-06 5.04053e-07 6.28169e-09 3.19526e-08 4.34229e-08 1.88489e-06 1.52654e-06 4.16874e-07 2.24121e-07 1.23685e-06 1.66229e-07 6.92542e-07 8.11042e-07 
2.11563e-06 3.04111e-07 3.2771e-06 1.01724e-07 6.38792e-07 3.40368e-06 1.04784e-07 1.5919e-06 2.29177e-08 6.36247e-08 2.61593e-08 4.19624e-08 2.46745e-06 2.89389e-06 1.05413e-05 1.27679e-06 5.04704e-07 4.53403e-08 1.84298e-06 1.52328e-06 7.70651e-07 6.20698e-08 8.7157e-07 0.000176698 2.27027e-07 4.47085e-08 2.42767e-06 3.42788e-06 1.04628e-05 8.81219e-06 1.99514e-06 5.46582e-07 9.08378e-07 1.11649e-07 2.56305e-06 1.19832e-05 4.54119e-06 7.5471e-08 5.12669e-09 3.0793e-06 5.50555e-08 4.20691e-07 1.97482e-10 1.91039e-07 1.75591e-07 4.84375e-06 4.05184e-08 4.15303e-07 1.27659e-08 4.41815e-06 2.18092e-08 2.91315e-06 1.92091e-06 2.49137e-07 3.33665e-06 4.26555e-07 3.02349e-09 6.93615e-07 1.96995e-09 3.24338e-07 1.64618e-06 1.72332e-08 3.0457e-07 1.2576e-10 
6.09569e-07 5.29786e-06 7.66857e-09 2.0528e-07 4.37739e-08 6.92204e-07 1.60112e-08 4.58112e-07 1.59308e-07 1.34805e-06 1.20941e-08 6.55509e-07 4.50889e-08 8.41831e-07 3.20853e-06 3.06947e-06 3.42223e-07 1.0295e-06 5.00475e-07 2.32782e-07 9.02528e-08 9.39054e-06 1.53311e-06 2.27027e-07 0.00013314 8.96445e-07 8.00581e-06 1.27185e-07 6.83622e-06 9.68918e-07 2.28771e-08 5.70953e-06 4.1864e-06 3.30145e-08 1.52581e-07 2.85479e-08 3.31495e-07 2.19824e-06 4.4975e-06 7.36158e-07 9.23994e-07 1.63823e-08 1.12821e-08 1.60348e-07 2.4225e-08 4.48718e-07 9.57504e-07 2.61838e-06 1.30252e-06 1.19262e-05 2.56832e-07 1.40627e-06 2.55648e-07 7.3473e-07 6.27036e-06 2.14794e-06 4.43957e-08 7.323e-07 5.93234e-06 1.62739e-06 8.25061e-08 3.70843e-06 2.13072e-06 5.85669e-08 
7.60717e-07 2.18122e-08 1.11403e-06 4.13335e-07 1.42091e-06 1.0207e-06 1.15349e-07 9.48377e-07 6.68525e-06 5.16769e-07 2.74415e-07 2.20894e-07 2.12786e-09 3.65464e-07 1.13806e-06 9.91713e-06 4.72026e-07 1.21911e-06 2.83269e-06 3.24289e-08 1.95089e-06 6.60221e-09 2.97352e-07 4.47085e-08 8.96445e-07 0.000180661 1.92655e-06 4.90504e-09 9.91494e-08 5.16621e-06 1.25404e-06 3.36837e-06 1.19276e-06 7.13643e-07 3.00393e-06 8.42777e-07 9.04082e-07 6.19034e-07 1.39429e-07 1.23295e-06 2.72424e-08 1.52957e-07 6.44133e-07 2.20129e-13 2.47251e-06 6.36428e-07 2.13187e-07 7.56742e-08 2.78258e-06 2.4864e-11 2.67411e-06 2.35712e-07 1.03166e-05 8.58253e-07 6.83847e-07 1.57115e-07 1.28869e-08 8.41714e-07 2.98744e-07 6.2428e-10 8.91452e-08 1.76055e-08 3.54925e-06 2.411e-07 
1.01866e-07 3.04457e-06 1.64997e-07 6.95044e-07 2.22422e-08 2.31515e-08 1.74832e-06 4.17154e-06 1.27331e-07 3.13274e-06 2.12636e-06 5.45041e-07 7.4572e-06 4.38539e-07 4.99882e-07 5.53633e-07 4.69934e-09 3.18419e-07 4.68344e-08 3.08649e-08 9.24367e-07 3.76377e-07 4.00086e-08 2.42767e-06 8.00581e-06 1.92655e-06 0.000179761 4.30079e-06 1.00746e-06 3.62584e-07 2.64401e-06 6.73131e-06 4.94652e-09 2.94142e-07 3.51271e-06 2.53801e-06 1.35394e-07 2.13528e-06 9.09626e-07 3.35125e-08 3.70329e-06 1.58159e-07 3.42497e-07 1.7943e-06 1.12448e-06 2.50729e-07 2.59722e-09 2.27513e-06 1.97365e-06 3.23936e-07 1.14693e-07 6.54439e-08 6.1296e-07 2.07268e-07 6.99983e-07 5.54983e-07 5.90237e-08 6.03082e-07 7.90515e-07 3.32056e-07 3.05518e-07 4.13482e-06 5.92356e-08 1.18595e-06 
1.05405e-06 7.96636e-07 1.94359e-07 1.3431e-07 1.26557e-06 3.78863e-08 1.02462e-06 4.95659e-08 1.09428e-06 1.3269e-07 4.96206e-07 9.14411e-07 7.6718e-07 3.88967e-08 1.68127e-06 1.07629e-07 8.6358e-08 1.09717e-06 1.2918e-06 2.04676e-08 7.07158e-07 1.70885e-06 1.25911e-06 3.42788e-06 1.27185e-07 4.90504e-09 4.30079e-06 9.71948e-05 3.48741e-08 1.3685e-06 2.18735e-06 3.31206e-07 3.08487e-08 2.29303e-06 2.27865e-06 5.01974e-07 4.621e-06 5.64722e-06 6.09793e-07 2.29183e-09 1.5234e-06 1.86335e-06 4.31886e-08 2.88377e-08 3.19847e-07 6.63282e-07 9.21859e-07 2.55588e-07 3.45212e-07 6.62523e-08 1.05616e-06 5.4588e-07 5.49156e-06 9.02348e-07 1.37497e-06 1.25225e-07 2.09389e-07 4.66923e-08 1.15744e-06 1.67957e-06 1.7609e-06 6.37726e-07 3.18912e-07 1.47493e-06 
1.90185e-06 6.38853e-08 1.07612e-06 2.99588e-10 1.49167e-07 1.80468e-07 1.90168e-12 7.07054e-07 3.32596e-07 3.37601e-06 1.46803e-08 7.64528e-07 4.46322e-08 8.71372e-08 3.0652e-06 6.34424e-08 9.68862e-07 4.01527e-07 5.01486e-07 8.85441e-07 3.00504e-08 1.32262e-07 1.32998e-07 1.04628e-05 6.83622e-06 9.91494e-08 1.00746e-06 3.48741e-08 0.000217033 8.0092e-10 2.29097e-06 1.68962e-07 1.11172e-06 1.2848e-07 2.743e-07 2.95317e-07 1.36701e-06 1.635e-07 2.76108e-07 1.92785e-08 5.16068e-06 2.12194e-06 8.14017e-06 3.70566e-07 2.11031e-08 8.73313e-07 5.31776e-08 2.21892e-06 8.0336e-07 5.11224e-07 3.68737e-07 9.24178e-07 3.95767e-10 2.60398e-06 4.92209e-08 3.92283e-07 7.97672e-07 7.408e-07 1.00717e-06 2.06137e-09 2.46587e-07 4.9652e-06 8.42025e-07 9.3645e-07 
4.42859e-06 1.76958e-07 4.63778e-07 9.39354e-07 1.85406e-07 3.38436e-06 6.85935e-07 7.53995e-06 7.86322e-07 2.39757e-07 9.30592e-08 1.39305e-06 1.33811e-06 4.78061e-08 5.36772e-06 6.07265e-06 4.47017e-07 1.10917e-06 6.22323e-09 3.32349e-06 7.37505e-08 4.92544e-07 4.28787e-07 8.81219e-06 9.68918e-07 5.16621e-06 3.62584e-07 1.3685e-06 8.0092e-10 0.000169206 4.51458e-07 6.09141e-08 2.19085e-07 1.5402e-06 9.29067e-06 1.3362e-08 1.45544e-07 2.86387e-06 1.95971e-10 7.97464e-07 4.28051e-07 1.05712e-06 1.01139e-06 3.65209e-11 1.60715e-06 7.82447e-08 8.05625e-07 1.26816e-07 1.10001e-06 4.04875e-07 3.66129e-07 4.86543e-07 2.36888e-06 7.69717e-08 3.58752e-07 1.6699e-08 1.13273e-06 6.02907e-09 1.7891e-06 4.00316e-08 3.53339e-07 2.70557e-06 2.25842e-07 1.13115e-07 
1.62407e-06 2.244e-08 7.56823e-08 1.95172e-08 1.9392e-08 4.53002e-07 3.12126e-07 9.24038e-08 9.27865e-07 1.84124e-08 8.65832e-07 6.00319e-07 4.14711e-07 4.07751e-07 1.39799e-06 2.56019e-07 1.11141e-06 7.93519e-08 1.65229e-07 1.2797e-06 9.81681e-07 8.81619e-07 7.74689e-07 1.99514e-06 2.28771e-08 1.25404e-06 2.64401e-06 2.18735e-06 2.29097e-06 4.51458e-07 0.000142516 1.45525e-09 8.21454e-08 5.83197e-07 1.11923e-08 1.69989e-07 2.61253e-08 1.90809e-06 2.75696e-08 7.1204e-07 3.40354e-08 3.27855e-06 7.06394e-07 1.69381e-07 1.70026e-06 5.63098e-08 3.70604e-08 3.98849e-07 2.40259e-07 2.15478e-06 7.84624e-07 4.67811e-08 4.3189e-06 4.11061e-06 4.14479e-07 3.07887e-07 1.07803e-09 1.08926e-06 7.37267e-07 2.35457e-09 2.70173e-06 8.39232e-08 4.27791e-07 3.75713e-06 
3.56616e-07 1.12587e-06 1.13746e-06 7.78609e-08 3.08451e-09 1.00387e-07 1.01068e-06 6.80867e-07 2.47894e-07 1.42581e-05 6.15727e-08 8.70775e-07 7.57678e-07 5.8088e-10 3.899e-07 1.7066e-08 3.14377e-08 4.19878e-06 3.70207e-07 4.42927e-07 7.26932e-07 3.62885e-06 3.37764e-07 5.46582e-07 5.70953e-06 3.36837e-06 6.73131e-06 3.31206e-07 1.68962e-07 6.09141e-08 1.45525e-09 0.000145681 4.19904e-10 4.07685e-08 8.55085e-07 2.44444e-06 6.15874e-08 3.43675e-09 1.21855e-07 3.50691e-07 3.44939e-07 8.5932e-07 2.99775e-07 3.64488e-09 5.35935e-06 1.55105e-06 1.83309e-06 4.7987e-08 2.94133e-07 5.3899e-09 1.37532e-07 3.10347e-06 1.33423e-06 1.91685e-06 2.67829e-06 8.34264e-08 3.51235e-06 6.50582e-07 1.29596e-08 5.87508e-08 1.05628e-06 1.68171e-06 1.48209e-08 6.223e-08 
2.45463e-06 3.60795e-06 4.53106e-07 1.78807e-06 5.59025e-07 4.24078e-07 8.18092e-07 1.21646e-06 1.85809e-06 5.95361e-09 3.90767e-07 1.0396e-07 2.73985e-08 6.97325e-08 7.21613e-08 7.30769e-09 1.25846e-06 3.95154e-06 3.11268e-09 3.5762e-06 1.51059e-06 9.91782e-07 1.01114e-07 9.08378e-07 4.1864e-06 1.19276e-06 4.94652e-09 3.08487e-08 1.11172e-06 2.19085e-07 8.21454e-08 4.19904e-10 0.000201094 7.46774e-07 2.00681e-08 8.37128e-08 4.28193e-07 2.45091e-06 7.72158e-07 2.38319e-07 1.06141e-06 5.79833e-07 3.69903e-07 4.56654e-09 5.04177e-07 2.90499e-08 2.91791e-06 2.82299e-07 3.804e-08 4.79179e-07 3.05751e-07 4.63028e-07 7.02183e-09 2.24605e-07 3.59511e-07 4.53639e-09 5.59686e-07 3.60878e-10 9.48268e-07 1.36959e-07 8.77756e-06 2.43325e-09 1.63758e-07 3.09442e-06 
7.72732e-06 1.51132e-06 9.79494e-07 1.05938e-07 1.9909e-06 1.22248e-07 1.35397e-06 2.04404e-06 2.29118e-07 5.37997e-07 2.01159e-07 1.01932e-07 9.04164e-07 8.62953e-08 2.59849e-06 2.82408e-07 1.614e-06 2.1715e-06 1.2978e-07 1.57445e-06 1.14834e-06 1.24078e-06 6.40091e-09 1.11649e-07 3.30145e-08 7.13643e-07 2.94142e-07 2.29303e-06 1.2848e-07 1.5402e-06 5.83197e-07 4.07685e-08 7.46774e-07 0.000148152 1.70191e-07 3.14347e-07 3.24024e-07 6.70085e-08 3.9832e-06 3.21063e-07 5.03879e-07 3.4593e-06 1.11393e-06 1.2292e-06 4.10479e-07 3.74228e-07 8.82433e-08 1.90931e-09 9.5668e-08 1.27753e-06 4.27391e-07 4.73383e-06 1.02201e-06 5.95449e-08 5.69104e-08 4.78311e-07 2.90655e-06 1.21635e-06 1.47861e-09 1.57567e-06 1.85185e-06 4.16763e-07 2.01344e-06 1.0426e-06 
3.38212e-06 1.66278e-06 5.30807e-08 4.2897e-06 2.54499e-07 2.71359e-06 4.61857e-07 1.86141e-07 5.35214e-08 2.00079e-06 2.20854e-06 1.21208e-06 4.84227e-08 1.08422e-07 4.42431e-08 1.35588e-07 2.72899e-07 4.96639e-07 3.68441e-07 4.1667e-06 1.12223e-06 1.8957e-08 1.19127e-06 2.56305e-06 1.52581e-07 3.00393e-06 3.51271e-06 2.27865e-06 2.743e-07 9.29067e-06 1.11923e-08 8.55085e-07 2.00681e-08 1.70191e-07 0.000156882 1.37318e-06 1.06645e-06 1.62252e-06 3.10149e-08 1.1985e-06 1.30359e-07 1.70272e-07 1.02716e-06 5.90595e-08 2.01424e-07 1.88975e-06 1.84756e-06 1.27806e-07 2.63455e-08 2.50053e-06 4.86555e-06 1.86531e-06 4.38608e-07 8.1071e-07 1.67428e-07 9.80555e-08 1.83879e-06 1.90942e-06 7.51021e-07 6.10018e-08 4.76389e-07 4.21274e-06 3.3986e-08 7.3568e-06 
7.01102e-09 2.00056e-07 1.08364e-06 1.0802e-07 2.76658e-06 9.94331e-07 1.76271e-08 4.06919e-06 9.42205e-07 1.25943e-06 1.14261e-06 1.41212e-10 4.4276e-08 8.86618e-07 1.69961e-07 4.95811e-08 3.31875e-07 1.99096e-06 6.18508e-07 1.39974e-06 2.65696e-06 4.27924e-07 3.23844e-07 1.19832e-05 2.85479e-08 8.42777e-07 2.53801e-06 5.01974e-07 2.95317e-07 1.3362e-08 1.69989e-07 2.44444e-06 8.37128e-08 3.14347e-07 1.37318e-06 9.96879e-05 6.78866e-08 1.60311e-06 3.92853e-07 1.20707e-09 4.55529e-07 2.60283e-06 1.0475e-06 1.77531e-06 3.82047e-06 4.16365e-08 6.9954e-07 9.19561e-08 5.09392e-07 1.84101e-06 2.39916e-06 3.0131e-08 3.39617e-07 1.48997e-08 7.90045e-07 5.60191e-07 5.18809e-07 7.98108e-08 7.57856e-07 7.5862e-07 4.16831e-08 1.9336e-08 1.70632e-06 1.25332e-07 
3.16146e-06 6.15776e-06 2.00544e-07 9.69654e-08 3.4376e-06 5.6777e-07 1.65244e-06 4.45161e-07 8.05366e-07 1.53672e-06 3.4318e-07 4.97239e-10 3.39282e-06 5.71818e-07 3.795e-08 2.47241e-06 1.44388e-07 1.14016e-06 2.40748e-07 3.37218e-09 3.24676e-07 2.99608e-06 1.72836e-06 4.54119e-06 3.31495e-07 9.04082e-07 1.35394e-07 4.621e-06 1.36701e-06 1.45544e-07 2.61253e-08 6.15874e-08 4.28193e-07 3.24024e-07 1.06645e-06 6.78866e-08 0.000152013 8.88743e-07 2.64037e-09 4.70479e-07 2.41498e-09 4.35152e-07 9.06662e-07 5.36913e-07 2.18279e-09 4.16019e-07 2.37632e-06 5.47386e-07 2.25486e-06 2.97612e-07 4.02899e-08 4.22536e-08 1.25044e-06 5.94196e-07 1.85341e-07 8.75264e-07 1.66195e-06 2.61016e-07 9.62111e-07 1.14726e-06 9.04937e-08 1.68624e-08 9.82143e-08 3.62101e-07 
3.02455e-06 6.88668e-07 2.24768e-07 3.11131e-06 2.15951e-06 6.63915e-06 4.05269e-07 7.38439e-09 6.97208e-07 1.21676e-06 4.63927e-08 1.26373e-07 1.81234e-08 6.07296e-07 1.86791e-07 6.75545e-08 6.14734e-08 1.63043e-06 5.7486e-07 1.17694e-06 6.45472e-08 2.84913e-06 1.23255e-06 7.5471e-08 2.19824e-06 6.19034e-07 2.13528e-06 5.64722e-06 1.635e-07 2.86387e-06 1.90809e-06 3.43675e-09 2.45091e-06 6.70085e-08 1.62252e-06 1.60311e-06 8.88743e-07 0.000182321 3.47945e-07 1.35837e-06 1.3338e-08 3.35423e-06 3.48456e-07 7.14142e-07 5.69207e-07 8.23582e-07 3.2545e-06 1.10025e-07 8.62333e-08 2.48906e-07 8.99072e-09 1.66664e-07 4.18111e-06 1.66697e-06 1.98892e-07 2.3777e-06 1.53632e-10 2.19838e-07 5.15338e-07 1.43185e-06 2.47258e-07 1.02857e-07 2.00546e-07 3.21684e-07 
1.47984e-06 9.35882e-07 1.06554e-06 5.68813e-08 2.52094e-07 3.2116e-06 7.91764e-07 3.43686e-06 7.53622e-07 1.54132e-07 5.59884e-07 1.34943e-07 1.6186e-06 1.38148e-07 8.82193e-07 3.94658e-06 7.55239e-07 1.0973e-07 6.3006e-09 1.73695e-06 1.64796e-06 3.96655e-07 1.69685e-06 5.12669e-09 4.4975e-06 1.39429e-07 9.09626e-07 6.09793e-07 2.76108e-07 1.95971e-10 2.75696e-08 1.21855e-07 7.72158e-07 3.9832e-06 3.10149e-08 3.92853e-07 2.64037e-09 3.47945e-07 0.000193926 2.36169e-06 3.18721e-08 5.37509e-06 1.73746e-06 6.56287e-06 2.84918e-06 1.02099e-06 7.42027e-06 9.94362e-07 7.82526e-08 3.42724e-07 6.95095e-08 3.59772e-07 1.95532e-08 3.38426e-08 8.34269e-07 5.87468e-07 2.23588e-07 5.82302e-06 6.30126e-08 4.19383e-07 2.86519e-09 6.01001e-08 8.59448e-07 2.31577e-07 
1.14691e-06 6.09367e-07 3.58196e-06 1.16226e-07 1.40774e-07 3.09369e-07 8.11718e-07 5.30497e-08 4.70292e-08 2.99573e-06 9.50042e-07 8.87374e-07 3.24826e-06 2.34598e-06 2.53827e-06 9.00404e-07 4.01627e-08 1.67006e-08 7.15032e-06 6.04414e-11 1.62356e-06 2.86174e-08 9.58228e-08 3.0793e-06 7.36158e-07 1.23295e-06 3.35125e-08 2.29183e-09 1.92785e-08 7.97464e-07 7.1204e-07 3.50691e-07 2.38319e-07 3.21063e-07 1.1985e-06 1.20707e-09 4.70479e-07 1.35837e-06 2.36169e-06 0.000223803 6.10096e-07 2.71125e-11 2.71744e-06 6.75771e-07 4.00431e-06 5.81466e-06 1.6375e-06 2.21316e-06 9.25084e-08 2.52678e-06 7.78596e-07 3.69103e-06 3.64386e-07 1.11611e-06 1.47548e-06 3.30337e-07 6.66852e-07 1.14332e-07 2.83254e-08 8.38232e-06 1.66178e-07 1.78889e-07 1.60972e-06 5.63254e-06 
1.27996e-07 7.37995e-07 4.44939e-06 4.19111e-07 1.98334e-06 9.14183e-07 1.03086e-06 1.66728e-06 2.44414e-08 1.31776e-06 3.49341e-06 1.55297e-07 2.08802e-07 5.72274e-08 1.6055e-07 2.29391e-06 5.52691e-07 1.21006e-08 2.08357e-07 7.22507e-07 6.36909e-08 9.89084e-07 4.60481e-06 5.50555e-08 9.23994e-07 2.72424e-08 3.70329e-06 1.5234e-06 5.16068e-06 4.28051e-07 3.40354e-08 3.44939e-07 1.06141e-06 5.03879e-07 1.30359e-07 4.55529e-07 2.41498e-09 1.3338e-08 3.18721e-08 6.10096e-07 0.0001672 2.66245e-06 5.46203e-07 5.25025e-06 3.21948e-07 1.04195e-06 3.63446e-06 2.37373e-08 1.66305e-08 3.87602e-06 1.72824e-07 6.83068e-07 2.60865e-06 1.66387e-06 5.5182e-08 7.04289e-07 2.73484e-07 8.30895e-09 9.21996e-08 4.31679e-07 8.72112e-07 7.29316e-07 1.46351e-06 3.41327e-08 
1.22637e-06 9.84074e-07 1.43956e-07 1.39226e-06 1.50526e-06 1.92491e-07 2.57925e-06 8.54341e-07 4.29191e-07 1.52292e-07 4.21161e-08 9.1388e-06 5.76679e-06 9.32271e-07 3.64821e-08 1.73015e-06 9.05647e-08 1.99897e-08 1.73308e-09 6.83883e-07 2.60107e-06 1.91632e-07 5.43687e-07 4.20691e-07 1.63823e-08 1.52957e-07 1.58159e-07 1.86335e-06 2.12194e-06 1.05712e-06 3.27855e-06 8.5932e-07 5.79833e-07 3.4593e-06 1.70272e-07 2.60283e-06 4.35152e-07 3.35423e-06 5.37509e-06 2.71125e-11 2.66245e-06 0.000144117 2.85975e-06 8.76721e-08 1.91187e-06 7.54039e-09 2.98809e-10 1.19821e-06 8.0076e-08 5.66317e-06 1.03184e-07 1.88989e-06 1.32942e-06 9.23356e-07 1.28698e-06 1.43516e-07 1.25607e-08 9.02512e-08 1.55663e-07 2.66575e-09 1.45235e-06 3.57388e-07 2.41579e-06 3.25227e-08 
4.20175e-06 1.04201e-06 9.60119e-07 6.91369e-08 3.88842e-08 5.58568e-10 2.85059e-06 8.70227e-07 1.14987e-06 1.69385e-05 3.44007e-08 2.74243e-06 1.14952e-06 4.06564e-08 6.08627e-06 2.3712e-06 4.64268e-06 1.1267e-06 2.88944e-06 6.71135e-07 1.65121e-07 7.75924e-08 1.58858e-08 1.97482e-10 1.12821e-08 6.44133e-07 3.42497e-07 4.31886e-08 8.14017e-06 1.01139e-06 7.06394e-07 2.99775e-07 3.69903e-07 1.11393e-06 1.02716e-06 1.0475e-06 9.06662e-07 3.48456e-07 1.73746e-06 2.71744e-06 5.46203e-07 2.85975e-06 0.000226951 2.23835e-07 1.6391e-07 3.29408e-06 1.39663e-08 1.66903e-08 1.06423e-05 4.40753e-06 1.16502e-05 6.58853e-08 3.76516e-07 1.7075e-06 5.00508e-09 2.18885e-08 5.06557e-08 7.28703e-07 1.33396e-06 4.23206e-06 1.01626e-06 1.48149e-06 2.09524e-07 5.42266e-07 
1.75872e-08 2.49438e-07 2.82625e-07 3.39854e-07 4.4638e-07 3.75735e-07 2.19151e-07 1.0748e-06 1.83447e-06 1.3961e-06 2.75879e-06 2.33038e-07 1.62153e-07 5.21854e-08 5.67649e-06 1.86556e-06 8.93018e-07 3.16458e-07 2.31922e-06 2.15844e-08 7.07905e-07 1.83416e-06 5.54172e-08 1.91039e-07 1.60348e-07 2.20129e-13 1.7943e-06 2.88377e-08 3.70566e-07 3.65209e-11 1.69381e-07 3.64488e-09 4.56654e-09 1.2292e-06 5.90595e-08 1.77531e-06 5.36913e-07 7.14142e-07 6.56287e-06 6.75771e-07 5.25025e-06 8.76721e-08 2.23835e-07 0.000118916 3.36171e-11 2.16425e-07 3.01395e-07 9.17345e-07 1.10631e-07 1.42031e-06 7.8501e-08 3.17685e-07 1.63747e-06 1.78761e-06 1.87977e-06 1.62831e-07 8.5538e-08 1.91452e-07 1.30733e-06 1.06176e-07 4.70445e-06 9.46415e-08 2.25721e-08 4.1462e-07 
1.43017e-09 3.05577e-07 1.92264e-08 1.20607e-07 9.79994e-07 4.95796e-06 2.08944e-07 6.24527e-06 2.5668e-07 2.63331e-08 2.01672e-06 8.34747e-08 1.34119e-07 1.22224e-06 8.71659e-08 4.65358e-06 2.92832e-06 2.12623e-07 2.16695e-08 6.67042e-07 8.34524e-08 2.26558e-07 2.91789e-07 1.75591e-07 2.4225e-08 2.47251e-06 1.12448e-06 3.19847e-07 2.11031e-08 1.60715e-06 1.70026e-06 5.35935e-06 5.04177e-07 4.10479e-07 2.01424e-07 3.82047e-06 2.18279e-09 5.69207e-07 2.84918e-06 4.00431e-06 3.21948e-07 1.91187e-06 1.6391e-07 3.36171e-11 0.000206068 7.07843e-07 1.20901e-06 6.61363e-07 3.50006e-06 1.39589e-07 2.20163e-09 1.01374e-06 1.61582e-07 9.79887e-08 4.95095e-09 1.89643e-07 8.69204e-06 8.51445e-07 1.28398e-07 3.1025e-11 1.51195e-08 1.8682e-07 1.2931e-06 3.7903e-07 
5.40827e-06 5.69996e-06 2.77437e-07 5.64032e-07 4.71468e-08 4.373e-07 8.03147e-08 1.56386e-07 2.04998e-08 9.17459e-08 5.38081e-06 3.41155e-07 8.14238e-06 4.82893e-08 3.12223e-06 1.78749e-06 4.45649e-07 1.48377e-06 3.1635e-06 2.28327e-07 1.13909e-07 6.92113e-07 9.60131e-07 4.84375e-06 4.48718e-07 6.36428e-07 2.50729e-07 6.63282e-07 8.73313e-07 7.82447e-08 5.63098e-08 1.55105e-06 2.90499e-08 3.74228e-07 1.88975e-06 4.16365e-08 4.16019e-07 8.23582e-07 1.02099e-06 5.81466e-06 1.04195e-06 7.54039e-09 3.29408e-06 2.16425e-07 7.07843e-07 0.000145948 8.50795e-07 2.1198e-08 2.77515e-08 1.41167e-06 2.40294e-07 3.72903e-08 4.16287e-09 1.78558e-07 1.46844e-08 1.923e-07 1.76942e-06 9.45675e-07 1.18738e-06 2.32357e-06 1.93456e-06 4.16387e-07 2.97199e-06 3.16714e-06 
3.23203e-07 1.34391e-06 1.07214e-07 2.68378e-06 1.53247e-09 1.38724e-06 2.40586e-06 1.99448e-07 1.38308e-07 7.99353e-07 8.88772e-08 3.0288e-06 4.98924e-07 1.23828e-06 2.33081e-07 6.46176e-07 2.78688e-06 1.06836e-06 1.4683e-07 6.61291e-07 1.74896e-06 3.76417e-06 9.30063e-07 4.05184e-08 9.57504e-07 2.13187e-07 2.59722e-09 9.21859e-07 5.31776e-08 8.05625e-07 3.70604e-08 1.83309e-06 2.91791e-06 8.82433e-08 1.84756e-06 6.9954e-07 2.37632e-06 3.2545e-06 7.42027e-06 1.6375e-06 3.63446e-06 2.98809e-10 1.39663e-08 3.01395e-07 1.20901e-06 8.50795e-07 0.000216691 1.12716e-06 1.6693e-06 6.29233e-07 4.91195e-07 9.96312e-10 2.54966e-09 2.52927e-06 2.88117e-06 8.06554e-07 5.15841e-08 1.89318e-06 1.69018e-06 5.11438e-06 5.99546e-07 3.79894e-08 1.52266e-06 5.00638e-06 
5.62556e-09 4.90349e-07 9.13079e-08 2.14801e-07 1.82706e-07 9.58894e-07 7.64705e-08 1.21989e-06 3.80796e-08 6.45618e-07 4.75183e-06 2.50173e-06 3.09154e-07 8.96769e-07 7.23754e-08 3.69772e-06 1.1142e-06 1.63478e-06 8.86835e-07 3.15734e-06 6.23189e-09 3.09221e-07 5.78952e-07 4.15303e-07 2.61838e-06 7.56742e-08 2.27513e-06 2.55588e-07 2.21892e-06 1.26816e-07 3.98849e-07 4.7987e-08 2.82299e-07 1.90931e-09 1.27806e-07 9.19561e-08 5.47386e-07 1.10025e-07 9.94362e-07 2.21316e-06 2.37373e-08 1.19821e-06 1.66903e-08 9.17345e-07 6.61363e-07 2.1198e-08 1.12716e-06 0.000133526 2.02802e-06 3.78032e-07 2.55605e-07 3.47792e-06 3.38e-08 2.28218e-06 1.79491e-06 2.50694e-06 4.83097e-06 3.23125e-06 2.95379e-07 1.68719e-05 2.41684e-06 2.80947e-07 1.31449e-06 9.78722e-07 
5.65193e-08 1.06552e-06 1.51394e-07 5.82563e-07 2.59789e-07 1.37173e-06 8.87815e-08 2.16409e-09 3.19268e-06 1.81824e-06 1.00992e-06 9.63579e-08 2.26635e-08 5.82737e-07 2.34263e-06 1.87317e-06 6.39632e-08 3.47247e-08 1.4662e-07 1.41089e-08 2.36962e-06 9.89901e-07 1.67174e-06 1.27659e-08 1.30252e-06 2.78258e-06 1.97365e-06 3.45212e-07 8.0336e-07 1.10001e-06 2.40259e-07 2.94133e-07 3.804e-08 9.5668e-08 2.63455e-08 5.09392e-07 2.25486e-06 8.62333e-08 7.82526e-08 9.25084e-08 1.66305e-08 8.0076e-08 1.06423e-05 1.10631e-07 3.50006e-06 2.77515e-08 1.6693e-06 2.02802e-06 0.000109026 6.90262e-07 6.45133e-07 1.36816e-06 1.26523e-06 1.62889e-09 5.18923e-07 4.99354e-07 1.79827e-08 1.63234e-06 2.23259e-06 5.69487e-11 1.3942e-06 7.92913e-07 7.10097e-07 1.81914e-06 
4.03223e-06 1.1265e-07 9.71385e-07 2.18258e-06 3.97502e-07 2.04109e-06 2.04303e-06 2.52459e-07 8.93414e-07 3.23554e-07 8.9019e-07 8.65767e-09 3.68516e-06 1.7738e-06 1.51345e-06 8.93118e-07 7.08302e-07 1.10867e-06 1.1659e-06 3.7258e-08 5.01215e-07 5.53959e-07 9.85163e-09 4.41815e-06 1.19262e-05 2.4864e-11 3.23936e-07 6.62523e-08 5.11224e-07 4.04875e-07 2.15478e-06 5.3899e-09 4.79179e-07 1.27753e-06 2.50053e-06 1.84101e-06 2.97612e-07 2.48906e-07 3.42724e-07 2.52678e-06 3.87602e-06 5.66317e-06 4.40753e-06 1.42031e-06 1.39589e-07 1.41167e-06 6.29233e-07 3.78032e-07 6.90262e-07 0.000212836 1.88155e-06 2.57357e-07 2.24316e-07 1.33292e-08 1.61367e-06 4.94683e-10 3.62701e-06 2.84631e-07 6.96307e-07 2.73942e-07 3.30945e-07 2.67186e-08 5.27567e-07 4.21187e-07 
8.14606e-07 1.20335e-07 4.95525e-09 8.89912e-09 1.02594e-07 2.29448e-06 3.09884e-07 7.71575e-08 1.20447e-06 3.60482e-08 2.0068e-07 6.66961e-08 6.6928e-07 1.62551e-06 2.53292e-06 9.72898e-07 1.00606e-07 1.22748e-09 3.87687e-06 1.27669e-09 9.67252e-07 2.66584e-06 2.41407e-07 2.18092e-08 2.56832e-07 2.67411e-06 1.14693e-07 1.05616e-06 3.68737e-07 3.66129e-07 7.84624e-07 1.37532e-07 3.05751e-07 4.27391e-07 4.86555e-06 2.39916e-06 4.02899e-08 8.99072e-09 6.95095e-08 7.78596e-07 1.72824e-07 1.03184e-07 1.16502e-05 7.8501e-08 2.20163e-09 2.40294e-07 4.91195e-07 2.55605e-07 6.45133e-07 1.88155e-06 0.000134262 1.38734e-09 2.09948e-08 5.10901e-06 1.88498e-06 2.74126e-07 1.03138e-08 4.69815e-06 8.936e-07 1.57696e-06 1.62282e-06 1.07227e-07 8.96157e-07 6.24138e-07 
2.37395e-06 8.39857e-07 2.65531e-07 1.13314e-07 9.79036e-07 1.96283e-06 1.31816e-06 1.86137e-06 4.88837e-07 5.56634e-07 4.81543e-07 9.32987e-07 5.61303e-07 7.99246e-07 7.01912e-07 1.5665e-06 2.67237e-07 4.18644e-07 1.25014e-06 1.58831e-07 4.44916e-09 2.40247e-07 2.03942e-06 2.91315e-06 1.40627e-06 2.35712e-07 6.54439e-08 5.4588e-07 9.24178e-07 4.86543e-07 4.67811e-08 3.10347e-06 4.63028e-07 4.73383e-06 1.86531e-06 3.0131e-08 4.22536e-08 1.66664e-07 3.59772e-07 3.69103e-06 6.83068e-07 1.88989e-06 6.58853e-08 3.17685e-07 1.01374e-06 3.72903e-08 9.96312e-10 3.47792e-06 1.36816e-06 2.57357e-07 1.38734e-09 0.000151187 4.92335e-06 3.43667e-07 1.0451e-06 6.16543e-08 3.00453e-06 4.79607e-07 8.92657e-08 3.37082e-06 2.64643e-07 1.2194e-06 4.55641e-07 3.35368e-06 
